

disponibilidade ordenado
0.9990115071989926
0.9990124989928901
0.9990124989928901
0.9990260587180642
0.9990366979429942
0.9990366979429942
0.9990388672423927
0.9990656617289065
0.9990738915504951
0.9991027849415544
0.9992785361949433
0.9992795282539406
0.9992795282539406
0.9992923223964719
0.9993037336722599
0.9993037336722599
0.9993059035514974
0.9993188293207304
0.9993209992327463
0.9993302232670084
0.9993325304518295
0.9993347003935961
0.999343924554324
0.999390803078302
0.9993917952487551
0.9994021566404
0.9994021978452042
0.9994021978452042
0.9994032467025776
0.9994146946832432
0.9994160033865033
0.9994181735095221
0.9994181735095221
0.9994181735095221
0.9994397300388744
0.9994415037365156
0.9994448034013317
0.9994448034013317
0.9994552065495387
0.9994597344334903


custo ordenado
15169.52224534031
15169.52224534031
15197.951921566577
15202.287988889286
15246.272796800891
15250.035593015516
15329.171912014937
15333.174212860533
15342.792235582016
15344.045005816643
15400.762156806446
15485.112943067981
15499.183606946075
15499.183606946075
15641.919839131913
15641.919839131913
17596.970545483553
17777.793644289635
17862.260219315638
17987.962051835144
17993.91385537359
18076.256168284992
18785.71483644971
18924.43272159977
19019.35475612859
19019.35475612859
19174.42785574753
19180.691186676413
19262.243132289783
21858.056040124873
21918.63085673331
21918.63085673331
21918.63085673331
22006.489359975225
22020.093220362887
22109.038287225063
22109.038287225063
22163.493788573644
22252.6762325788
22252.6762325788


exergia ordenado
1.978573502246817
2.0400358299453334
2.0400358299453334
2.0559568979214187
2.240022619677383
2.418714946521778
2.5117559067933475
2.621051324741089
2.8231758693524363
2.827875573109302
3.056600664203983
3.1293465675015066
3.1929637896135494
3.283409826024322
3.3491975359575883
3.4994553985404515
3.7767299906912806
3.7767299906912806
3.9475412768760334
4.0286741489565605
4.0286741489565605
4.067340260976635
4.1826717271577625
4.1826717271577625
4.313502265607892
4.32181738375333
4.3417560843834835
4.3417560843834835
4.3417560843834835
4.401162525814823
4.650128273773064
4.691568286404429
4.720211150044492
5.032503852988226
5.114388881009146
5.274365305823613
5.502622998497284
5.502622998497284
5.664735832210537
5.664735832210537
---------------------------
crowd
0.01025063629373486
0.010672860128031583
0.012403867457944048
0.04272792674441815
0.04437433019502322
0.05650651749800443
0.07276088234840769
0.07559333091138223
0.08418772673874633
0.08594596411062214
0.0876297511192112
0.09821635324740607
0.10866294817230915
0.11183103428090893
0.11457641615121794
0.11507789032220019
0.1218483503621441
0.12278957216050337
0.12331707150156003
0.13129863508369172
0.13769556159179064
0.14470974251745689
0.15927940796748546
0.179340695225638
0.18585893729949404
0.19802458471133416
0.20794769905720334
0.2523995800686714
0.309515121514556
0.37618609980655154
0.4069914334317987
0.4718378777917163
0.49390092107724626
0.5241945404617325
1.7976931348623157E308
1.7976931348623157E308
1.7976931348623157E308
1.7976931348623157E308
1.7976931348623157E308
1.7976931348623157E308
