rank - op_exegergy - total_cost - availability
1    2.6581539162016625    27947.016939340272    0.9998789093366416    
1    7.1383476062765725    41467.598397924856    0.9998387088665591    
1    4.42649026424925    34228.76573683113    0.9998836296344643    
1    4.420678210189344    28009.336543990365    0.9997686336078702    
1    2.800983206036065    27804.572700714572    0.999868115918612    
1    3.823714880161862    27962.215934611842    0.9997837564352283    
1    3.9157329912618644    28092.175837093782    0.9998190000743102    
1    5.925656322799309    37056.8847135948    0.9998573764149176    
1    4.300127030280728    30418.725970451913    0.999847825485013    
1    6.238844478326823    41180.29191994247    0.9998409844534515    
1    6.236067886149532    38666.56962031057    0.9998686097993547    
1    5.443137187414383    33305.25792510608    0.9998813767277711    
1    6.27925772676693    34801.25067045508    0.9998384376682308    
1    5.665300187761838    28536.774918060946    0.9998388534896457    
1    4.716890301679266    38298.217073201464    0.9998822524836848    
1    4.371673996439065    31830.52049187915    0.9998819960866508    
1    3.907134711192182    28059.916363623626    0.9998190994437942    
1    5.732229953740797    35728.203675094985    0.9998686280973184    
1    3.120096747678985    27967.077747127565    0.999878304717791    
1    3.467346099438699    30587.19335990752    0.9998760431159287    
1    5.012330339092484    30917.58993167592    0.9998813512164463    
1    4.543048363922397    28030.15837841559    0.9997721597820337    
1    6.359616867200189    34935.05786831204    0.9998386863264244    
1    6.111770588816647    30926.183310560562    0.9998388805443117    
1    3.49632839167592    27953.80151408726    0.9997772658301389    
1    4.222518202077114    30468.802761358325    0.9998659872338549    
1    5.763740909465135    37447.094867870546    0.9998813669288006    
1    3.984134183825549    28061.035246607807    0.9997786211243443    
1    6.645814043017347    41242.186104137065    0.9998406312426805    
1    5.7118735119903    34919.92276201692    0.99985145217438    
1    5.468917773962987    32135.31584706572    0.9998685944188203    
1    6.359616867200189    34935.05786831204    0.9998386863264244    
1    3.956036117226051    30389.258483294412    0.9998475555552331    
1    3.3794279532637987    27944.782538239073    0.9998711453124132    
1    4.025157121275459    31657.592169852323    0.999881786961899    
1    6.238844478326823    41180.29191994247    0.9998409844534515    
1    4.420678210189344    28009.336543990365    0.9997686336078702    
2    5.58583607980293    34601.58659438385    0.9997721355504875    
2    4.908238006441728    30570.00967136513    0.9998379652170274    
2    5.579222432027062    38423.006778452356    0.9998536725994209    
2    4.7179358026486975    30506.481339860213    0.9998187919452384    
2    5.449540568147244    34579.217494142344    0.9997686080102972    
2    5.886874884502622    34740.97723317064    0.9998387908696791    
2    3.691879106985323    31648.301964378552    0.9998662434580647    
2    5.319079480888597    37997.014813528    0.9998683768272817    
2    3.204538430990212    30189.21276409915    0.9998681514679334    
2    3.9330424834295186    37768.333915903335    0.9998822133312922    
2    4.478557507050081    31878.6563125733    0.9998798573589233    
3    2.5948901557321316    33943.21352106947    0.9998788755032223    
3    4.368380928474598    34074.01289104494    0.9998371201919559    
3    5.304561529405704    41086.04548553527    0.9998523157828214    
3    3.819143392734559    34663.584416776    0.9998788296896586    
3    4.654281636797434    36419.15879354602    0.9997813911653415    
3    3.6544876626605136    33899.7286153906    0.9998692070851797    
3    4.7507647904523385    37746.73328339553    0.9998187245728285    
3    3.044359535532622    31395.245425454945    0.9998681464495418    
3    4.2972072739019715    31980.938199628014    0.9998675928059843    
4    4.2135756218525815    34479.510544333185    0.9997772889495482    
4    4.207984779849923    33945.02435042651    0.9997827954593329    
4    2.6056080746240924    39862.6978730401    0.9998676929529056    
