

disponibilidade ordenado
0.9997686336078702
0.9997686336078702
0.9997721597820337
0.9997772658301389
0.9997786211243443
0.9997837564352283
0.9998190000743102
0.9998190994437942
0.9998384376682308
0.9998386863264244
0.9998386863264244
0.9998387088665591
0.9998388534896457
0.9998388805443117
0.9998406312426805
0.9998409844534515
0.9998409844534515
0.9998475555552331
0.999847825485013
0.99985145217438
0.9998573764149176
0.9998659872338549
0.999868115918612
0.9998685944188203
0.9998686097993547
0.9998686280973184
0.9998711453124132
0.9998760431159287
0.999878304717791
0.9998789093366416
0.9998813512164463
0.9998813669288006
0.9998813767277711
0.999881786961899
0.9998819960866508
0.9998822524836848
0.9998836296344643


custo ordenado
27804.572700714572
27944.782538239073
27947.016939340272
27953.80151408726
27962.215934611842
27967.077747127565
28009.336543990365
28009.336543990365
28030.15837841559
28059.916363623626
28061.035246607807
28092.175837093782
28536.774918060946
30389.258483294412
30418.725970451913
30468.802761358325
30587.19335990752
30917.58993167592
30926.183310560562
31657.592169852323
31830.52049187915
32135.31584706572
33305.25792510608
34228.76573683113
34801.25067045508
34919.92276201692
34935.05786831204
34935.05786831204
35728.203675094985
37056.8847135948
37447.094867870546
38298.217073201464
38666.56962031057
41180.29191994247
41180.29191994247
41242.186104137065
41467.598397924856


exergia ordenado
2.6581539162016625
2.800983206036065
3.120096747678985
3.3794279532637987
3.467346099438699
3.49632839167592
3.823714880161862
3.907134711192182
3.9157329912618644
3.956036117226051
3.984134183825549
4.025157121275459
4.222518202077114
4.300127030280728
4.371673996439065
4.420678210189344
4.420678210189344
4.42649026424925
4.543048363922397
4.716890301679266
5.012330339092484
5.443137187414383
5.468917773962987
5.665300187761838
5.7118735119903
5.732229953740797
5.763740909465135
5.925656322799309
6.111770588816647
6.236067886149532
6.238844478326823
6.238844478326823
6.27925772676693
6.359616867200189
6.359616867200189
6.645814043017347
7.1383476062765725
---------------------------
crowd
0.04312536602811674
0.06229178767777544
0.0651842861997602
0.06592044362704075
0.07299894429565214
0.07423120122281986
0.07814937694247431
0.10778684770894768
0.12119740622562945
0.12478298014924791
0.13424890901002287
0.13684310847194753
0.13890549043960404
0.1435859791375878
0.15241384227087193
0.15748483682850267
0.16181894773247674
0.16709494081047302
0.18892274087533806
0.19182715004721593
0.19607184302791245
0.20820480487702542
0.2082835291079071
0.2124971809658079
0.21313983240895143
0.22384575691197045
0.23959607015507722
0.2478695025664427
0.258785099901782
0.3298840690276594
0.3530756450430698
0.4437990015924342
1.7976931348623157E308
1.7976931348623157E308
1.7976931348623157E308
1.7976931348623157E308
1.7976931348623157E308
