

disponibilidade ordenado
0.9997775352703876
0.9997778302609622
0.9997778561022662
0.999789231516373
0.9997906948361619
0.9998391093710156
0.9998463137107843
0.9998463144011199
0.9998463417492189
0.9998463655667291
0.9998463780540681
0.9998465269641547
0.9998465348343899
0.9998465527235291
0.999846636166117
0.9998547912406333
0.99985502032489
0.9998593297746968
0.9998593371899515
0.9998653032910606
0.9998653044885594
0.9998654027450559
0.9998736395562258
0.9998739861717252
0.9998757194075228
0.9998764553356511
0.9998847376438006
0.9998874933369469
0.999889004373776
0.9998890145161368
0.9998890145161368
0.9998890237215586
0.9998890484975127
0.9998890493170562
0.999889063539984
0.9998890868364481
0.9998891047869188
0.9998891364206817
0.999889157497632


custo ordenado
27982.684105601493
27995.89218093419
28053.757114196185
28081.9849544745
28096.350504318092
28187.880902043948
28210.812305280975
28223.192229769553
28311.93242840281
28466.089739884104
28514.812097493807
28635.386769021254
30554.842504685264
30833.75256762639
31024.537189414026
31068.907218749435
31822.1252584786
31973.272336702248
33222.87366634334
33413.94598710053
34271.13568305229
34443.38049942269
34556.94126572766
34669.07060481808
35099.60714040296
35941.08172772449
37067.551042326326
37193.06026274927
37258.11810335007
37260.69811669984
37391.724684308014
37489.05489626015
37679.51383872145
37679.51383872145
38271.267844164766
38884.13326819718
38895.064707099205
41765.66920738307
41821.351052053615


exergia ordenado
2.318647886026574
2.5059810873361084
2.830736195517923
2.9688766085093774
3.330240162969615
3.5141497678452005
3.5732212083065473
3.667274837029149
3.720998709874619
3.752488550859602
3.8446631655835324
3.914284963503976
3.953778548514494
4.330451560448904
4.4172220947622876
4.536425682891688
4.876814290868909
4.882837966420301
4.893958192432789
5.131173244358127
5.1618834348542695
5.227832980733685
5.358297999970023
5.522222224455897
5.534150009656698
5.555450804210507
5.584984271012919
5.590886652588651
5.645443239850822
5.7637849934069365
5.7637849934069365
5.898171753413318
6.029132915711625
6.084391159220493
6.089328027438315
6.475606730343785
6.6079843683141295
6.711369450681809
7.017680519019085
---------------------------
crowd
0.035231745221750335
0.03902955933377751
0.04120665532258562
0.05708026839737167
0.05824705991742239
0.0649301995907641
0.07129387217358736
0.0714505882040137
0.07360946567506013
0.08495898903994947
0.09646233262576065
0.10306282581738478
0.11470523904199081
0.11593062873451715
0.11858090443836053
0.11903687266572721
0.1257632585981654
0.14658442441496627
0.15412018288993998
0.15520752461736914
0.1659732142237191
0.1763115197664338
0.18162696927274835
0.18756982740819655
0.2065396761658047
0.211238314825626
0.21798987517293342
0.22902681870842218
0.2753684338872694
0.2895008788781165
0.29631866815934355
0.5016317748744002
0.5237191522824531
1.7976931348623157E308
1.7976931348623157E308
1.7976931348623157E308
1.7976931348623157E308
1.7976931348623157E308
1.7976931348623157E308
