

disponibilidade ordenado
0.9990115071989926
0.9990366979429942
0.9990517895575785
0.9990539588897467
0.9990656617289065
0.9990738915504951
0.9990738915504951
0.9990738915504951
0.9991027849415544
0.9991027849415544
0.9992785361949433
0.9992785361949433
0.9992785361949433
0.9992795282539406
0.9992795282539406
0.9992816980806187
0.9992816980806187
0.99928409077557
0.9992899296818109
0.9992922869626177
0.999294456817
0.9993037336722599
0.9993037336722599
0.9993059035514974
0.9993059035514974
0.9993188293207304
0.9993188293207304
0.9993188293207304
0.9993325304518295
0.9993347003935961
0.999390803078302
0.999390803078302
0.999390803078302
0.9994021978452042
0.9994067254890078
0.9994160033865033
0.9994181735095221
0.9994311007309387
0.9994311007309387
0.9994415037365156
0.9994448034013317
0.9994460315583887
0.9994552065495387
0.9994552065495387
0.9994573355506039
0.9994597344334903


custo ordenado
15169.52224534031
15197.951921566577
15197.951921566577
15197.951921566577
15246.272796800891
15246.272796800891
15246.272796800891
15307.648941065654
15342.792235582016
15344.045005816643
15347.737662107213
15406.330549214821
15485.112943067981
15485.112943067981
15485.112943067981
15545.528619000734
15554.821904063809
15554.821904063809
15631.779536625827
15641.919839131913
15641.919839131913
17596.970545483553
17736.083061502868
17832.212519068722
17832.212519068722
17844.94089251601
17862.260219315638
17862.260219315638
17933.002494084903
18076.256168284992
18076.256168284992
18076.256168284992
18785.71483644971
18785.71483644971
18860.7989586301
18924.43272159977
19019.35475612859
19174.42785574753
19262.243132289783
21918.63085673331
22006.489359975225
22109.038287225063
22163.493788573644
22163.493788573644
22252.6762325788
22252.6762325788


exergia ordenado
2.0400358299453334
2.240022619677383
2.240022619677383
2.240022619677383
2.3461350937337317
2.5117559067933475
2.5117559067933475
2.5416165843500194
2.621051324741089
2.621051324741089
2.621051324741089
2.8231758693524363
2.827875573109302
2.9001533544683604
2.9394901917990017
3.1293465675015066
3.142847215056106
3.2158949976189692
3.3491975359575883
3.4994553985404515
3.4994553985404515
3.4994553985404515
3.5798817859589738
3.7767299906912806
3.8110617825288116
3.8110617825288116
4.107268138569611
4.107268138569611
4.1826717271577625
4.1826717271577625
4.313502265607892
4.32181738375333
4.32181738375333
4.3417560843834835
4.493566630637319
4.691568286404429
4.720211150044492
4.873849561311722
5.032503852988226
5.032503852988226
5.032503852988226
5.274365305823613
5.274365305823613
5.502622998497284
5.664735832210537
5.664735832210537
---------------------------
crowd
0.01074278263590192
0.015624557101534518
0.03609677271159928
0.03973907324552732
0.043770323496387285
0.04906209669223451
0.0525763774143971
0.05415864189077018
0.05576310990841512
0.05983891282308443
0.0610424866332825
0.06321504904230722
0.06446148032848638
0.06847322182269755
0.06920063921212544
0.0775478630898495
0.07801203289037278
0.08029841812731521
0.08040465731676771
0.09038921745336086
0.09230818996148588
0.09792187248967299
0.09889245322608277
0.10127131794857194
0.10271104354699898
0.10325148952216723
0.10672507585868317
0.10917501623068299
0.11939404751390198
0.1288690253107708
0.13169901048901853
0.13383080721434534
0.1548781653558295
0.1974547072538121
0.20268606244116041
0.2197336211492959
0.3016577663321049
0.3474617959197319
0.4075912064366134
0.41429144834787957
0.4684981755363807
0.48536304642282035
1.7976931348623157E308
1.7976931348623157E308
1.7976931348623157E308
1.7976931348623157E308
